CASEID Falcon 2000LXS kw
DIM M
BUILD
DAMP
 $FLTCON 
  NMACH=1.0,
  MACH=0.71,
  STMACH=0.9,
  NALT=1.0,
  ALT=11000.0,
  NALPHA=13.0,
  ALSCHD=-4.0,-2.0,0.0,2.0,4.0,6.0,
          8.0,10.0,12.0,14.0,16.0,18.0,
          20.0$
 $BODY
  METHOD=2.0,
  NX=20.0,
  X=0.0,0.20,0.7,1.6,2.5,3.54,6.41,7.48,
    8.55,9.62,10.68,11.75,12.82,13.89,14.96,16.03,
    17.09,18.16,19.35,19.52,
  S=0.0,0.075,0.541,1.287,2.865,4.227,4.885,5.228,
    5.408,5.395,5.187,5.027,4.562,3.976,3.269,2.324,
    1.606,0.866,0.152,0.0,
  ZU=0.0,0.18,0.48,0.78,1.35,1.70,1.80,1.80,
    1.80,1.80,1.80,1.80,1.79,1.75,1.68,1.60,
    1.53,1.45,1.34,1.25,
  ZL=0.0,-0.13,-0.35,-0.50,-0.56,-0.62,-0.694,-0.78,
   -0.824,-0.821,-0.77,-0.73,-0.62,-0.50,-0.36,-0.12,
    0.1,0.40,0.90,1.25$
 $WGPLNF
  CHRDR=4.09,
  CHRDTP=1.12,
  SSPN=10.69,
  SSPNE=9.44,
  SAVSI=24.65,
  CHSTAT=0.25,
  TWISTA=0.0,
  DHDADI=0.3,
  TYPE=1.0$
 $WGSCHR TYPEIN=1.0, NPTS=49.0, DWASH=1.0,                                      
  XCORD=0.00000, 0.00002, 0.00007, 0.00017, 0.00032, 0.00055,
      0.00087, 0.00129, 0.00184, 0.00254, 0.00344, 0.00457,
      0.00598, 0.00771, 0.00984, 0.01245, 0.01562, 0.01946,
      0.02411, 0.04449, 0.09564, 0.13790, 0.19193, 0.24533,
      0.29811, 0.32427, 0.37614, 0.42742, 0.47812, 0.50325,
      0.55309, 0.60238, 0.65111, 0.69930, 0.74697, 0.79411,
      0.84073, 0.90619, 0.93633, 0.95785, 0.96619, 0.97324,
      0.97920, 0.98425, 0.98853, 0.99214, 0.99521, 0.99780,
      1.00000,
  YUPPER=0.00000, 0.00069, 0.00144, 0.00226, 0.00314, 0.00410,
      0.00513, 0.00586, 0.00658, 0.00830, 0.00922, 0.01074,
      0.01222, 0.01370, 0.01580, 0.01730, 0.01962, 0.02145, 
      0.02380, 0.03119, 0.04477, 0.05305, 0.06162, 0.06824,
      0.07359, 0.07585, 0.07863, 0.07988, 0.08008, 0.08020,
      0.07867, 0.07524, 0.07020, 0.06469, 0.05737, 0.04903,
      0.03978, 0.02550, 0.01773, 0.01201, 0.01013, 0.00820,
      0.00672, 0.00506, 0.00381, 0.00263, 0.00170, 0.00139,
      0.00000,
  YLOWER=0.00000, -0.00069, -0.00154, -0.00206, -0.00314,
      -0.00410, -0.00513, -0.00696, -0.00898, -0.01021, 
      -0.01102, -0.01274, -0.01371, -0.01500, -0.01590,
      -0.01735, -0.01832, -0.01945, -0.02080, -0.02499,
      -0.03287, -0.03745, -0.04182, -0.04604, -0.04975, 
      -0.05105, -0.05377, -0.05558, -0.05687, -0.05673, 
      -0.05497, -0.05242, -0.04790, -0.04204, -0.03474,
      -0.02604, -0.01658, -0.00352, 0.00073, 0.00178,
      0.00206, 0.00154, 0.00131, 0.00111, 0.00101,
      0.00051, 0.00011, 0.00001, 0.00000$
 $HTPLNF
  CHRDR=2.1,
  CHRDTP=1.25,
  SSPN=3.75,
  SSPNE=3.55,
  SAVSI=30.0,
  CHSTAT=0.5,
  TWISTA=0.0,
  DHDADI=-8.0,
  TYPE=1.0$
NACA-H-4-0012
 $VTPLNF
  CHRDR=3.5,
  CHRDTP=1.36,
  SSPN=3.76,
  SSPNE=3.05,
  SAVSI=32.0,
  CHSTAT=0.5,
  TYPE=1.0$
NACA-V-4-0012
 $SYNTHS
  XCG=10.39,
  ZCG=0.0,
  XW=10.171,
  ZW=-0.525,
  ALIW=0.0,
  XH=17.1,
  ZH=2.35,
  ALIH=0.0,
  XV=16.2,
  ZV=1.25
  VERTUP=.TRUE.$